Questions
num_nodes,num_edges,num_features
48921,307080,301
Origin_AUC,Origin_std
0.9557217281572626,0.0012485423483430016
Q,sample_edges,sample_AUC,sample_std,p_value
528247.0,554659.0,585165.0,620274.0,660591.0,706832.0,759844.0,820631.0,890384.0,970518.0,1062717.0,1168988.0,1291731.0,1433821.0,1598710.0,1790555.0,2014374.0,2276242.0,2583534.0,2945228.0,3372286.0,3878128.0,4479237.0,5195914.0
156935.0,160309.0,164150.0,168029.0,172359.0,176903.0,181799.0,186678.0,192112.0,197425.0,203129.0,208858.0,214645.0,220654.0,226614.0,232905.0,238937.0,245023.0,251042.0,256911.0,262626.0,268186.0,273368.0,278391.0
0.9162424066996098,0.9185830891545688,0.9204921892276324,0.9226212207117616,0.9235278783863514,0.92563731059454,0.9283069607732948,0.930627181527967,0.9319979705344389,0.9348115585677215,0.9370303296397202,0.9378657114548992,0.9401183760953282,0.9415977467925597,0.9431171806929983,0.9441929865321269,0.9456438548072785,0.9475119196005573,0.9484248958524377,0.9488938243634074,0.950312894923011,0.9503275030605487,0.9511543856082383,0.9518194495113532
0.0017919317975393081,0.0022633263577240335,0.002096542458846035,0.0028982354391535164,0.0018477633517450017,0.0022617754439338998,0.0026234516142653974,0.0013906384123095797,0.002330122500460484,0.0016869304293083223,0.001642935633230556,0.001557531325310704,0.0015513232678336158,0.002363266733741869,0.0018311219046540836,0.0016599140089264416,0.0013182746704737019,0.0014766804434978283,0.0016332144092304813,0.0012824711050663982,0.0014020899695791316,0.001625503944430716,0.0015999075740300902,0.0013854231775133528
1.2407887339729037e-19,2.679355236096983e-16,6.827714644342427e-17,4.471206721884763e-13,7.575469870004898e-18,4.9122838404738e-15,5.5688177633697e-13,6.197896193033799e-19,2.61682849162651e-13,7.348454620033663e-16,2.551612749155082e-15,1.797033953846937e-15,1.5955356424477832e-14,3.4710473338698966e-10,1.2343266653707892e-11,7.73557970525602e-12,2.33337284618166e-12,2.741011800652413e-10,6.741329595467192e-09,1.0874055155054304e-09,8.893463749636556e-08,4.584709843847164e-07,3.390592178260161e-06,6.744440882421831e-06
