Minesweeper
num_nodes,num_edges,num_features
10000,78804,7
Origin_AUC,Origin_std
0.9302737775065063,0.0028668996819778817
Q,sample_edges,sample_AUC,sample_std,p_value
143911.0,148228.0,153267.0,159091.0,165772.0,173397.0,182066.0,191897.0,203027.0,215614.0,229844.0,245933.0,264132.0,284734.0,308082.0,334577.0,364688.0,398968.0,438066.0,482748.0,533919.0,592650.0,660212.0,738117.0,828167.0,932516.0
63115.0,63879.0,64674.0,65499.0,66570.0,67473.0,68599.0,69628.0,70722.0,71792.0,72791.0,73803.0,74709.0,75547.0,76309.0,76941.0,77497.0,77909.0,78232.0,78448.0,78608.0,78700.0,78753.0,78781.0,78797.0,78801.0
0.7975727730681027,0.8043671554922828,0.807039898122858,0.812041062479064,0.8187025230938699,0.8228078707580716,0.8286759611172666,0.8335016571542685,0.8416722103764591,0.8470786198111263,0.8519007994279677,0.8574810780038137,0.8632337988610889,0.8702926165644567,0.8739943730835631,0.8796579780141205,0.8844819782460254,0.8896429975972069,0.8931373336403926,0.8969589181955216,0.9005278954301839,0.9040808953786492,0.9064084692017313,0.9094278799698522,0.9113186551444254,0.9141972625550775
0.003939210407909273,0.0034207030770057752,0.004170623447462143,0.003691680857872514,0.0050534517523236335,0.0035756177311320283,0.002414835553604583,0.0045319850097291755,0.003531557915600087,0.004572844526576709,0.004106576704086021,0.005745659151328373,0.00469782237529165,0.002734201372502538,0.003778165744874756,0.003766730957974747,0.0036180797673638953,0.0034221881991014723,0.0032752575933705104,0.0038051508194383984,0.0034330881428274694,0.002846799908898665,0.0036993454182123425,0.0032611698953875458,0.003847987855752193,0.003282922436604437
6.76031563843848e-23,2.802263370931743e-24,1.4064923310159307e-21,6.432157308219007e-23,2.7502829959122577e-18,1.3525037965302574e-22,5.237765172329417e-24,8.173443205083583e-19,2.7057962042024247e-21,1.0420581147824309e-17,1.2011481467551222e-18,2.9269214757800473e-14,5.478569733357041e-16,5.447764441668344e-20,3.004834797802288e-17,1.6220544202541158e-16,3.5561902709617606e-16,9.03148957267701e-16,1.998185707351363e-15,1.8969648249437711e-13,1.8747458884940964e-13,1.5607122625356348e-13,2.3822795532199107e-11,3.2353850975156196e-11,1.5682383841594911e-09,2.2432840011970505e-09
