DeezerEurope
num_nodes,num_edges,num_features
128,185504,128
Origin_AUC,Origin_std
0.865173098858625,0.008701471148746191
Q,sample_edges,sample_AUC,sample_std,p_value
289878.0,304371.0,321111.0,340377.0,362501.0,387876.0,416966.0,450323.0,488600.0,532574.0,583168.0,641484.0,708839.0,786811.0,877294.0,982569.0,1105390.0,1249090.0,1417717.0,1616197.0,1850545.0,2128126.0,2457985.0,2851262.0
114374.0,117159.0,120235.0,123301.0,126897.0,130511.0,134375.0,138360.0,142349.0,146403.0,150485.0,154635.0,158611.0,162422.0,166003.0,169356.0,172421.0,175094.0,177467.0,179478.0,181100.0,182405.0,183375.0,184133.0
0.7989294236455706,0.8001873533322194,0.8047815591284573,0.8079319930834561,0.8125743031509508,0.8157705594989866,0.8193913152331064,0.8217081934888586,0.8255006678242676,0.8287616659280301,0.8310569511991339,0.8340200518740781,0.837524994151452,0.8394625668223858,0.8420689115888434,0.8452692088839807,0.8477199183382857,0.8493459204742774,0.8506388734461389,0.8528287010411143,0.8543289846775306,0.8550996009909838,0.8567418558423727,0.8577110462725497
0.004554356672013506,0.003949149102420379,0.004786603262010924,0.00475402861727958,0.0033538208550763916,0.003726675097747304,0.005110316597926584,0.004196048200370262,0.0037370630795400452,0.005030785325861692,0.004882961986315898,0.0051628702613425595,0.0056317849635084865,0.005300309508471107,0.006594627467519146,0.0062056345294622985,0.006116518314895027,0.006483551578030191,0.006577505049772815,0.00671263381860936,0.00756912122862595,0.007617952569443073,0.007596809747746436,0.007746428589872336
1.546214187680511e-11,5.275756123892392e-11,3.769333074190919e-11,8.070868600982752e-11,1.5254340194825517e-09,1.9246297512559502e-09,1.1248958234933108e-09,5.173444006093603e-09,2.389073652101174e-08,2.4739712945567793e-08,6.143830558862676e-08,1.7185855185088397e-07,7.128543656326564e-07,1.7816818682343508e-06,7.74723063678955e-06,3.8418439653529956e-05,0.00014899582302199457,0.00043185548970026475,0.0009565782952734957,0.0036598756675340497,0.011467898592394396,0.017776839203834993,0.042211782309001765,0.07085592064136105
