Flickr
num_nodes,num_edges,num_features
89250,899756,500
Origin_AUC,Origin_std
0.8410393907974036,0.015345054588977369
Q,sample_edges,sample_AUC,sample_std,p_value
1017378.0,1068246.0,1126999.0,1194618.0,1272268.0,1361326.0,1463425.0,1580499.0,1714841.0,1869176.0,2046747.0,2251421.0,2487820.0,2761480.0,3079050.0,3448536.0,3879603.0,4383951.0,4975784.0,5672393.0,6494889.0,7469122.0,8626835.0,10007128.0
541058.0,555744.0,572341.0,589764.0,608657.0,629009.0,649807.0,671292.0,693609.0,715901.0,738042.0,759621.0,780163.0,799385.0,817181.0,832753.0,846517.0,858010.0,867553.0,875191.0,881187.0,885817.0,889422.0,892103.0
0.7187444983058104,0.724543551579307,0.728242105397898,0.7343984170404533,0.7414756013992648,0.7467877235634208,0.7522755272901978,0.759823947076775,0.7656196139321525,0.771936241422994,0.7771538544967995,0.7826160083151128,0.7882710054883111,0.7927782258926079,0.7988695879014893,0.8033949452631906,0.8060591206427088,0.8109444479043567,0.8146342568715447,0.8175064089628181,0.820768081177191,0.8233350855865075,0.8257408648152627,0.8271612057283981
0.01201403758331259,0.013032341952434407,0.013671547401676786,0.013596714435474461,0.013700448791752466,0.014081525102410659,0.01644137233112672,0.015053528530473922,0.013170228103175422,0.01571530110120589,0.015299006059313983,0.015583720104386368,0.015749385944008713,0.016918676304696026,0.015105940225115584,0.015145502914807946,0.01722008081464461,0.01675168067605515,0.016026570951851872,0.016340346462353935,0.01623961309514391,0.01639514650990396,0.016526135695233347,0.016694938778691423
7.853115168136759e-13,1.729324019795064e-12,3.352899647878475e-12,8.376356419547607e-12,2.6826312581082027e-11,7.482101085865548e-11,6.623115668809341e-10,1.2626297067245329e-09,1.990580120381782e-09,2.1683705565191207e-08,5.701393735601792e-08,2.394585267436411e-07,1.0679166202990627e-06,5.9296162866187296e-06,1.4581072464175805e-05,5.566181852969557e-05,0.0002559389070800041,0.0009009894071849028,0.002193076839930314,0.005564732041012103,0.014013654316990068,0.02950593957731686,0.05692095540495261,0.08303824123607521
