DBLP
num_nodes,num_edges,num_features
1639,105734,1639
Origin_AUC,Origin_std
0.9265975614502656,0.003098283739108935
Q,sample_edges,sample_AUC,sample_std,p_value
173301.0,181966.0,191974.0,203492.0,216718.0,231888.0,249279.0,269221.0,292104.0,318393.0,348640.0,383504.0,423771.0,470385.0,524479.0,587416.0,660843.0,746752.0,847563.0,966221.0,1106323.0,1272271.0,1469473.0,1704588.0
63316.0,64824.0,66423.0,68181.0,70171.0,72172.0,74309.0,76545.0,78818.0,81110.0,83629.0,85904.0,88206.0,90473.0,92641.0,94718.0,96640.0,98405.0,99983.0,101299.0,102421.0,103343.0,104065.0,104631.0
0.8438563555234824,0.8474433382039372,0.850835368064228,0.8563381236336397,0.8609360808139461,0.8653433982361433,0.8707936241716252,0.8748997003971677,0.8787391110390423,0.8838341652821379,0.8870932778680322,0.8909981416754158,0.8950091824880932,0.896952510579168,0.9006587722587748,0.9031366136620577,0.9069997986999162,0.9088693896658926,0.9112047264790941,0.9122473317406865,0.9146208286197746,0.9160488542591955,0.9175337306455311,0.9189280331759857
0.005540101212393536,0.005225972261417654,0.006422391682781523,0.004219322513986785,0.00394096484301309,0.004460662281499401,0.005676731317332927,0.003392122255119572,0.004062361484494071,0.003981829217999175,0.005298058278984965,0.005088778107826456,0.004353745913585152,0.003932979874359851,0.005184603628728953,0.004802759636378116,0.003866227904255413,0.0031559438710738216,0.0035545790560582336,0.003132126570646057,0.003863450642476435,0.003103859394821644,0.003839765137162528,0.0035649464770749506
8.352958191012413e-16,3.2737686495052026e-16,1.0437894741449373e-13,6.303932245151436e-18,3.6162516010054864e-18,2.3893541970695674e-16,3.5539319066893477e-13,1.2558391369947983e-17,1.4091950012807964e-15,5.93075750141141e-15,9.360525206662536e-12,1.777017790969834e-11,4.618286370715091e-12,1.926116934286743e-12,2.079289203008708e-09,2.2522690596382355e-09,1.0509254736186965e-09,4.896358049760096e-10,1.4641542599504712e-08,1.2740490549847223e-08,1.2592743729870369e-06,1.0308290078442276e-06,3.636972208430162e-05,0.0001293367971359354
