CoauthorPhysics
num_nodes,num_edges,num_features
34493,495924,300
Origin_AUC,Origin_std
0.8026470914137015,0.014923841736005559
Q,sample_edges,sample_AUC,sample_std,p_value
360400.0,378420.0,399233.0,423186.0,450693.0,482241.0,518409.0,559881.0,607470.0,662142.0,725045.0,797549.0,881291.0,978233.0,1090729.0,1221616.0,1374318.0,1552979.0,1762631.0,2009399.0,2300761.0,2645875.0,3055985.0,3544942.0
210979.0,217846.0,225341.0,234000.0,243095.0,253278.0,263857.0,275603.0,287962.0,301007.0,314641.0,328847.0,343404.0,358156.0,373284.0,387851.0,402260.0,416163.0,429286.0,441336.0,452199.0,461711.0,469971.0,476792.0
0.7581618026202377,0.7604547657400277,0.7623404950804435,0.7644505298296205,0.7663900684343071,0.768098916937171,0.7698237691347165,0.7734935382732779,0.7755810105045005,0.7779622877300485,0.7795250981555224,0.781824631727596,0.7829284298763212,0.7846243266696834,0.7870167193391475,0.7882222936988053,0.790085817442455,0.791814538949491,0.7924058555227986,0.7938852511733687,0.7948605604796926,0.7957408940866164,0.7965972297855973,0.7972828495680423
0.019568604086239696,0.0180967578391884,0.019019714483657843,0.018750497475577596,0.01854526352890752,0.01922057796866766,0.019077120285776624,0.018211976841052607,0.018861284683352148,0.01769801766140833,0.01846828402350115,0.016868132515506364,0.017409555572670377,0.017320050213507694,0.01694040672843854,0.016426010354050138,0.016392895412755033,0.016378545604240572,0.016495799740776043,0.01573710692359837,0.016890085913822912,0.015522562745272583,0.016103163213844755,0.01572280011504414
4.737527579615897e-05,4.4825425306561926e-05,0.00010852084523980421,0.00016982208149749544,0.00026431671473321083,0.0005321022589681384,0.0008034137201484104,0.0016751759475215657,0.003566223405814713,0.005112566085939538,0.009418706020265198,0.012646679696367907,0.019119059557414424,0.02973728596503051,0.05263322859165628,0.06708565333951516,0.10651969069621355,0.15987647082513773,0.18430249156464312,0.24123547444798488,0.31393574319032647,0.3487284165734782,0.4193136723868939,0.4674730808640185
