AmazonRatings
num_nodes,num_edges,num_features
24492,186100,300
Origin_AUC,Origin_std
0.9222597999145907,0.004258399646179657
Q,sample_edges,sample_AUC,sample_std,p_value
247518.0,259893.0,274187.0,290638.0,309529.0,331196.0,356035.0,384517.0,417200.0,454748.0,497949.0,547743.0,605256.0,671834.0,749094.0,838985.0,943858.0,1066559.0,1210544.0,1380020.0,1580122.0,1817140.0,2098796.0,2434603.0
124485.0,127662.0,131051.0,134744.0,138595.0,142804.0,146957.0,151295.0,155665.0,159826.0,163817.0,167800.0,171317.0,174542.0,177238.0,179564.0,181371.0,182789.0,183886.0,184613.0,185148.0,185483.0,185707.0,185846.0
0.8718077071111802,0.8753304166723211,0.8777160276220426,0.8798796477427302,0.8822519975768923,0.8857068520359505,0.8888720362623044,0.8906325642353105,0.8934450280525541,0.8964518309160485,0.8985999015107176,0.9008102164078929,0.9023925395595731,0.9054809724538961,0.9063552919293361,0.9077505351077765,0.9101831193239089,0.9113168633516789,0.9133810282096289,0.9141448602367499,0.9149648959770117,0.916181858106713,0.9168075279478858,0.9177182247905986
0.004307624653575795,0.004105538929967305,0.005032407896366831,0.004652157245984944,0.004464846118084443,0.005130044562351418,0.004966030053836723,0.004708777971688329,0.004895428127379669,0.004975983211138336,0.0044151466902207365,0.004007187998901569,0.004366923729717348,0.004714987323007054,0.003930215751518314,0.004122636184066336,0.003979176616089864,0.003929352812283661,0.003806966168339131,0.004052150989208313,0.004162455709942529,0.004269314166853156,0.003961526785627985,0.0043713346163223405
2.006500605386776e-15,4.832525916458713e-15,1.3186817534643033e-13,9.82787026049918e-14,1.6240686698641594e-13,4.791595704969718e-12,1.3132394598654387e-11,1.5995028715120615e-11,1.1942748419090275e-10,8.508720317709554e-10,9.182935005986632e-10,2.089872194879859e-09,1.2805746919569184e-08,3.0185058261694705e-07,1.6998678064209533e-07,8.160001138771292e-07,7.4092576850070745e-06,2.305713807348206e-05,0.00019944548772587002,0.0006157635835637269,0.0017332604790986207,0.0072967798400176975,0.011569069101048032,0.03852670116240597
