AmazonComputer
num_nodes,num_edges,num_features
13752,491722,300
Origin_AUC,Origin_std
0.9203968328883505,0.007184314641049523
Q,sample_edges,sample_AUC,sample_std,p_value
524167.0,550375.0,580645.0,615483.0,655489.0,701373.0,753975.0,814293.0,883507.0,963022.0,1054509.0,1159959.0,1281754.0,1422746.0,1586361.0,1776724.0,1998814.0
254614.0,261556.0,269416.0,277753.0,286806.0,296389.0,306566.0,317604.0,328914.0,340691.0,352993.0,365484.0,378147.0,390422.0,402716.0,414626.0,425961.0
0.881765241522694,0.885537983111611,0.8876005041973898,0.8901184793200703,0.8933747445884105,0.8952929752444397,0.8979467456264878,0.9001394419579782,0.9023684100636913,0.9043988961969014,0.9057267939565167,0.9073852056599216,0.9091438626361403,0.9103713460495987,0.9118659442323718,0.9125546835221959,0.9135297100559576
0.007859298343690518,0.007720941100368681,0.007601099156253081,0.007885382363759984,0.007590916333554685,0.006749031336776041,0.007071291587037603,0.007316412424990649,0.006315692208926201,0.006399198267740307,0.0069681268930073224,0.006731215044555508,0.007272344885462074,0.007091767936626932,0.006564045754017227,0.00656103430136032,0.00686635699464448
2.603996834553225e-09,1.0685882538653954e-08,2.333355238657621e-08,1.0645139334792731e-07,3.8735591176017045e-07,4.809246798467271e-07,2.8833017599819146e-06,1.3118185198010521e-05,2.4511424880222608e-05,9.887271692871634e-05,0.0003482365570360065,0.0009144789277044665,0.003961035576513405,0.008038983888019572,0.017072483541187775,0.02652250289042394,0.052833419848817516
