CoauthorCS
num_nodes,num_edges,num_features
18333,163788,300
Origin_AUC,Origin_std
0.8949277517870972,0.006305994668792497
Q,sample_edges,sample_AUC,sample_std,p_value
249086.0,261540.0,275924.0,292479.0,311490.0,333294.0,358291.0,386954.0,419845.0,457631.0,501105.0,551215.0,609092.0,676092.0,753842.0,844303.0,949840.0,1073319.0,1218217.0,1388767.0
105953.0,108314.0,111254.0,114124.0,117195.0,120452.0,123722.0,127205.0,130752.0,134319.0,137754.0,141211.0,144524.0,147561.0,150434.0,153012.0,155325.0,157317.0,158950.0,160311.0
0.8441022012677328,0.8457510252316738,0.8476989191842895,0.8511247302982368,0.8556329402265185,0.8567093354369903,0.8598263632054179,0.8619920557453558,0.8652059557480116,0.8680135393793244,0.8695930042715208,0.8722633801667621,0.8750362773653653,0.8765574509324308,0.8782611705542289,0.879678624632214,0.882393888128464,0.8833217547236739,0.8842852071364866,0.8858394432106269
0.00903612473163879,0.00894444251726244,0.008453895648240244,0.008674229081925708,0.00815495250512904,0.008709518899514707,0.0076453028593704685,0.007281323729805706,0.007376861238537674,0.007724840406737156,0.008455714117706528,0.007484394185489476,0.0076167616459927685,0.0073582944118853865,0.007424768930052019,0.007063470266625483,0.006929334246963546,0.007009572802097926,0.0072663221299555155,0.006753657882649764
2.3667942668275583e-10,3.2465717269801847e-10,2.328556314392395e-10,1.1001302327291943e-09,2.1977104480229846e-09,8.669843310318806e-09,5.0498267012743204e-09,7.3786116816766505e-09,3.97453272612082e-08,2.7285682057711756e-07,1.663760962969786e-06,2.0098620846863856e-06,1.214403704487429e-05,2.350547512554775e-05,7.546039103570825e-05,0.00013853348508396273,0.0008277612243874551,0.0016912695951917208,0.0039027143837620615,0.008583692349632804
