RomanEmpire
num_nodes,num_edges,num_features
22662,65854,300
Origin_AUC,Origin_std
0.9248741041309574,0.003751519353825546
Q,sample_edges,sample_AUC,sample_std,p_value
115951.0,119429.0,123489.0,128181.0,133564.0,139707.0,146692.0,154613.0,163580.0,173721.0,185186.0,198149.0,212812.0,229411.0,248222.0,269569.0,293830.0,321450.0,352952.0,388953.0,430182.0,477502.0,531937.0,594705.0,667259.0,751333.0,849006.0,962772.0,1095634.0,1251214.0,1433891.0,1648974.0,1902915.0,2203575.0,2560554.0,2985605.0,3493157.0
47177.0,47833.0,48635.0,49434.0,50379.0,51361.0,52392.0,53492.0,54617.0,55728.0,56877.0,58002.0,59090.0,60157.0,61162.0,62038.0,62925.0,63605.0,64222.0,64701.0,65070.0,65358.0,65552.0,65680.0,65765.0,65811.0,65834.0,65845.0,65852.0,65853.0,65853.0,65853.0,65854.0,65854.0,65854.0,65854.0,65854.0
0.7763986199970134,0.7829678769943194,0.7849998991057309,0.7881867950733618,0.7940547019900385,0.8007690841510093,0.8057042771675116,0.8133784728528113,0.8155765669312401,0.8214508330695669,0.8281335021438592,0.8341630151589315,0.840558396161636,0.8462010678649445,0.8502707587076077,0.857138703099299,0.8621056691625026,0.8672314658668923,0.8709764120729504,0.876034503533894,0.8816961560436531,0.8843782866308174,0.8889309231710317,0.8927204023778762,0.8953638426072464,0.8982066614432261,0.9015057772058513,0.904295753965577,0.9059234529593441,0.9089416698520429,0.9103837060944173,0.9122136225712587,0.9139832077343819,0.9158154096105541,0.9161244677827302,0.9177853465775799,0.9184366173553133
0.005408400018399406,0.005697471888924202,0.003997454038573465,0.004301125121518146,0.005523881146956893,0.00489235547733309,0.00417662410275753,0.006945902893613173,0.005029176651610376,0.004831743885171777,0.004452007853539335,0.003938252473790998,0.004613613693666323,0.0050483505980937,0.004826625390736535,0.0049579891758157356,0.005420947013382239,0.004422976333425735,0.004476869325344303,0.004749611052315922,0.0030181810256921064,0.005316498626361233,0.003913602434526765,0.0038870135381333867,0.004300716370553786,0.004912812272975445,0.004294642279190804,0.0043776173312941565,0.004356655754103071,0.003765876726301296,0.004315314494128925,0.004107615164444155,0.003866495353873253,0.0037256369974902935,0.004387346666062627,0.00366024364103953,0.003645853693907548
3.932537038840778e-21,4.140560699600196e-20,5.245880979426702e-24,2.967210596726847e-23,5.659431090944679e-20,3.773572482761506e-21,1.8852493292557913e-22,4.794782667722932e-16,6.707352343341332e-20,5.814004333370816e-20,2.623626609369273e-20,9.756972697938017e-21,6.154868015178571e-19,1.680447325284753e-17,1.3757787691491942e-17,1.2819958190570424e-16,3.641266877660965e-15,1.8020312355730717e-16,7.117181098656736e-16,1.1582069083507834e-14,1.6638700774182897e-15,2.2510063058519284e-12,1.0979612582040361e-13,6.911413097255573e-13,9.825990257257564e-12,3.5678239146443986e-10,4.272395231373213e-10,3.9415239342241465e-09,1.3059370867312625e-08,4.46445148180724e-08,5.685073028492529e-07,2.2619629515520686e-06,9.912910012519234e-06,6.865064020055582e-05,0.00026394311452174635,0.0007398014303915254,0.001671001669821147
