CoraFull
num_nodes,num_edges,num_features
19793,126842,300
Origin_AUC,Origin_std
0.9147659284098711,0.007345610594255779
Q,sample_edges,sample_AUC,sample_std,p_value
241745.0,253832.0,267792.0,283859.0,302309.0,323470.0,347730.0,375548.0,407469.0,444141.0,486334.0,534967.0,591138.0,656163.0,731621.0,819415.0,921841.0,1041680.0,1182306.0,1347828.0,1543263.0
86824.0,88755.0,90559.0,92772.0,95037.0,97368.0,99847.0,102303.0,104746.0,107224.0,109661.0,111998.0,114246.0,116329.0,118230.0,119991.0,121483.0,122757.0,123764.0,124647.0,125289.0
0.8671933944696104,0.8701417592825471,0.8729339704538163,0.8738353169506331,0.8770700877532424,0.8790852343195951,0.8825320341650688,0.8852571820506341,0.886941195951942,0.8896886313440922,0.8921829008747777,0.8941289553626811,0.8956181843378991,0.8976213586029415,0.8995616517918368,0.9009758570804021,0.9020353098697486,0.9044591714659053,0.9051203213950814,0.906527551776233,0.907896522880456
0.009655598251002744,0.008256904758190388,0.007750217953681319,0.009586188776321504,0.008279483726103319,0.008671972014587801,0.009308551476446134,0.00829170436233874,0.008895613291752463,0.007914233526678277,0.008312026391116736,0.008145507498697517,0.008130693589677867,0.008083178217290609,0.007489895774186688,0.007756148011861385,0.008451288769867758,0.007531253117117694,0.007517818540027365,0.007893198591748253,0.007852655947157528
1.5608018108024316e-09,5.117186240011559e-10,7.297449272675452e-10,1.3153453921408999e-08,7.375901179848026e-09,2.8244400903671562e-08,2.718263768117741e-07,2.751532282033266e-07,1.2230388259663192e-06,1.7054663811568052e-06,9.660560651903093e-06,2.447621380519246e-05,5.6933274611067405e-05,0.0001789883934846429,0.00038799708626768674,0.0011204357265020813,0.0031856841614226993,0.008775704375406866,0.013090736793332702,0.03423174957513513,0.07138397785558316
