Pumbed
num_nodes,num_edges,num_features
19717,88651,500
Origin_AUC,Origin_std
0.9574533875781011,0.0017840889357702988
Q,sample_edges,sample_AUC,sample_std,p_value
176858.0,185700.0,195913.0,207667.0,221165.0,236646.0,254394.0,274745.0,298098.0,324926.0,355793.0,391372.0,432466.0,480037.0,535241.0,599469.0,674402.0,762074.0,864953.0,986046.0,1129022.0,1298375.0,1499623.0,1739562.0,2026589.0
57254.0,58484.0,59894.0,61269.0,62839.0,64419.0,66149.0,67727.0,69546.0,71254.0,72936.0,74681.0,76333.0,77889.0,79455.0,80874.0,82174.0,83398.0,84432.0,85373.0,86137.0,86845.0,87372.0,87787.0,88092.0
0.8923673737382414,0.8949795335115406,0.8984603170513139,0.9021809902183182,0.9043590264317587,0.9091954513541947,0.9132901665612121,0.9156749328541267,0.9199911328955451,0.9229094186819973,0.9260953024451183,0.9299417317288945,0.9323576547249923,0.9345247739085595,0.9359421045582847,0.9394356291925412,0.941659274655968,0.9435888079925459,0.9449137189445365,0.9465096240562756,0.9477239077482663,0.949384356880436,0.9501834244252242,0.9515434538698384,0.9521986404451812
0.004329874333096871,0.003934960042700753,0.0037430327138270316,0.004207288496471964,0.004264687587794248,0.003579467400363217,0.0027893430802560836,0.003435739757977642,0.0028450005388643636,0.003190091541435648,0.0026608377904467997,0.002682469962897048,0.0023005926448707303,0.002525112764994202,0.002421463578368138,0.0022182610775505957,0.0022866909807897832,0.0017865540798778358,0.0019214822931042038,0.0020487148141243305,0.0023517093053961875,0.0021479030952401166,0.002002081141334531,0.0021660273643977,0.0018399701082176848
2.4942629433585512e-14,4.710094133636628e-15,2.9033369764896164e-15,9.51627848559749e-14,2.0493122087064748e-13,1.313022219218738e-14,6.53562939775205e-17,3.289207846101627e-14,1.3213361245798765e-15,7.427396119684249e-14,3.635263152232248e-15,3.30739428577923e-14,4.643964493016912e-15,1.4395782117756752e-13,1.6436254674874015e-13,5.551168004341563e-13,7.971559925754856e-12,2.660195424977208e-12,2.936195038430462e-11,5.664278350497279e-10,2.0605998342664703e-08,9.949108111962472e-08,2.127034861255636e-07,6.992188483304565e-06,8.320293492820514e-06
